N-9-01	2	2	2	1
N-9-03	2	2	2	1
N-9-04	2	2	2	1
N-9-06	2	2	2	1
N-9-07	2	2	2	1
N-9-09	1	2	2	1
N-9-10	1	2	2	1
N-9-12	1	2	2	1
N-9-13	1	2	2	1
N-9-15	1	2	2	1
N-7-01	2	2	2	1
N-7-02	2	2	2	1
N-7-03	2	2	2	1
N-7-04	2	2	2	1
N-7-05	2	2	2	1
N-7-06	1	2	2	1
N-7-07	1	2	2	1
N-7-08	1	2	2	1
N-7-09	1	2	2	1
N-7-10	1	2	2	1
N-6-01	2	2	2	1
N-6-02	2	2	2	1
N-6-03	2	2	2	1
N-6-04	2	2	2	1
N-6-05	2	2	2	1
N-6-06	1	2	2	1
N-6-07	1	2	2	1
N-6-08	1	2	2	1
N-6-09	1	2	2	1
N-6-10	1	2	2	1
N-5-01	2	2	2	1
N-5-02	2	2	2	1
N-5-03	2	2	2	1
N-5-04	2	2	2	1
N-5-05	1	2	2	1
N-5-06	1	2	2	1
N-5-07	1	2	2	1
N-5-08	1	2	2	1
N-5-09	1	2	2	1
N-5-10	1	2	2	1
N-4-02	2	2	2	1
N-4-03	2	2	2	1
N-4-04	2	2	2	1
N-4-06	2	2	2	1
N-4-07	2	2	2	1
N-4-08	2	2	2	1
N-4-10	2	2	2	1
N-4-11	1	2	2	1
N-4-12	1	2	2	1
N-4-14	1	2	2	1
N-4-15	1	2	2	1
N-4-16	1	2	2	1
N-4-17	1	2	2	1
N-4-18	1	2	2	1
N-4-19	1	2	2	1
N-4-20	1	2	2	1
N-3-01	1	2	2	1
N-3-02	2	2	2	1
N-3-03	2	2	2	1
N-3-04	2	2	2	1
N-3-05	2	2	2	1
N-3-06	2	2	2	1
N-3-07	2	2	2	1
N-3-08	1	2	2	1
N-3-09	1	2	2	1
N-3-10	1	2	2	1
N-3-11	1	2	2	1
N-3-12	1	2	2	1
N-3-13	1	2	2	1
N-3-14	1	2	2	1
N-3-15	1	2	2	1
N-2-01	2	2	2	1
N-2-02	2	2	2	1
N-2-03	2	2	2	1
N-2-04	2	2	2	1
N-2-05	2	2	2	1
N-2-06	2	2	2	1
N-2-07	2	2	2	1
N-2-08	1	2	2	1
N-2-09	1	2	2	1
N-2-10	1	2	2	1
N-2-11	1	2	2	1
N-2-12	1	2	2	1
N-2-13	1	2	2	2
N-2-14	1	2	2	2
N-2-15	1	2	2	2
N-1-01	1	2	2	2
N-1-02	2	2	2	1
N-1-03	2	2	2	1
N-1-04	2	2	2	1
N-1-05	2	2	2	1
N-1-06	2	2	2	1
N-1-07	2	2	2	2
N-1-08	1	2	2	2
N-1-09	1	2	2	2
N-1-10	1	2	2	2
N-1-11	1	2	2	2
N-1-12	1	2	2	2
N-1-13	1	2	2	2
N-1-14	1	2	2	2
N-1-15	1	2	2	2
S-1-01	2	2	2	2
S-1-02	2	2	2	2
S-1-03	2	2	2	2
S-1-04	2	2	2	2
S-1-05	2	2	2	2
S-1-06	2	2	2	2
S-1-07	2	2	2	2
S-1-08	1	2	2	2
S-1-09	1	2	2	2
S-1-10	1	2	2	2
S-1-11	1	2	2	2
S-1-12	1	2	2	2
S-1-13	1	2	2	2
S-1-14	1	2	2	2
S-1-15	1	2	2	2
S-2-01	1	2	2	2
S-2-02	2	2	2	2
S-2-03	2	2	2	2
S-2-04	2	2	2	2
S-2-05	2	2	2	2
S-2-06	2	2	2	2
S-2-07	2	2	2	2
S-2-08	1	2	2	2
S-2-09	1	2	2	2
S-2-10	1	2	2	2
S-2-11	1	2	2	2
S-2-12	1	2	2	2
S-2-13	1	2	2	2
S-2-14	1	2	2	2
S-2-15	1	2	2	2
S-3-01	2	2	2	2
S-3-02	2	2	2	2
S-3-03	2	2	2	2
S-3-04	2	2	2	2
S-3-05	2	2	2	2
S-3-06	2	2	2	2
S-3-07	2	2	2	2
S-3-08	1	2	2	2
S-3-09	1	2	2	2
S-3-10	1	2	2	2
S-3-11	1	2	2	2
S-3-12	1	2	2	2
S-3-13	1	2	2	2
S-3-14	1	2	2	2
S-3-15	1	2	2	2
S-4-01	2	2	2	2
S-4-02	2	2	2	2
S-4-03	1	2	2	2
S-4-05	2	2	2	2
S-4-06	2	2	2	2
S-4-07	2	2	2	2
S-4-09	2	2	2	2
S-4-11	1	2	2	2
S-4-12	1	2	2	2
S-4-13	1	2	2	2
S-4-15	1	2	2	2
S-4-16	1	2	2	2
S-4-17	1	2	2	2
S-4-19	1	2	2	3
S-4-20	1	2	2	3
S-5-01	2	2	2	2
S-5-02	2	2	2	2
S-5-03	2	2	2	2
S-5-04	2	2	2	2
S-5-05	1	2	2	3
S-5-06	1	2	2	3
S-5-07	1	2	2	3
S-5-08	1	2	2	3
S-5-09	1	2	2	3
S-5-10	1	2	2	3
S-6-01	2	2	2	2
S-6-02	2	2	2	2
S-6-03	1	2	2	3
S-6-04	1	2	2	3
S-6-05	1	2	2	3
S-6-06	2	2	2	2
S-6-07	2	2	2	2
S-6-08	2	2	2	2
S-6-09	1	2	2	3
S-6-10	1	2	2	3
S-7-01	2	2	2	2
S-7-02	2	2	2	2
S-7-03	2	2	2	2
S-7-04	2	2	2	2
S-7-05	2	2	2	2
S-7-06	1	2	2	3
S-7-07	1	2	2	3
S-7-08	1	2	2	3
S-7-09	1	2	2	3
S-7-10	1	2	2	3
S-9-01	2	2	2	2
S-9-03	2	2	2	2
S-9-04	2	2	2	2
S-9-06	2	2	2	2
S-9-08	1	2	2	3
S-9-09	1	2	2	3
S-9-11	1	2	2	3
S-9-13	1	2	2	3
S-9-15	1	2	2	3
